   4140 6
   3897 7
   3353 5
   3173 8
   2296 9
   2210 3
   2116 4
   1940 10
   1292 11
   1284 50
   1092 2
   1026 12
    938 13
    860 14
    813 15
    803 16
    678 18
    675 17
    663 19
    625 20
    599 21
    527 22
    511 23
    475 24
    426 25
    379 26
    376 27
    331 29
    327 1
    318 28
    292 31
    280 30
    261 32
    234 34
    234 33
    213 35
    212 36
    188 38
    181 39
    154 40
    145 37
    143 42
    129 43
    124 45
    124 44
    123 41
    119 46
     95 49
     95 47
     88 48
     80 52
     67 56
     66 53
     64 51
     63 55
     61 57
     60 54
     52 60
     52 58
     51 63
     48 61
     43 66
     41 59
     38 62
     37 72
     37 68
     35 67
     35 64
     33 69
     33 65
     31 78
     31 74
     30 71
     29 73
     28 88
     28 84
     25 81
     23 97
     23 80
     23 79
     22 82
     20 75
     19 93
     19 86
     19 77
     18 85
     18 70
     17 98
     17 76
     17 119
     17 109
     16 95
     16 91
     16 89
     16 83
     15 90
     15 87
     15 105
     15 100
     14 96
     14 103
     13 99
     13 118
     12 94
     12 117
     12 115
     12 114
     12 111
     12 101
     11 141
     11 127
     11 104
     10 139
     10 137
     10 136
     10 125
     10 116
     10 110
     10 108
      9 92
      9 138
      9 128
      9 122
      9 120
      9 113
      9 112
      9 102
      8 214
      8 161
      8 150
      8 146
      8 131
      8 129
      8 107
      8 106
      7 209
      7 188
      7 154
      7 151
      7 144
      7 124
      7 123
      6 227
      6 207
      6 206
      6 191
      6 171
      6 158
      6 155
      6 153
      6 152
      6 148
      6 142
      6 140
      6 135
      6 132
      6 121
      5 269
      5 252
      5 241
      5 238
      5 220
      5 187
      5 185
      5 168
      5 167
      5 163
      5 149
      5 147
      5 145
      5 143
      5 134
      5 133
      4 291
      4 255
      4 239
      4 237
      4 236
      4 234
      4 230
      4 222
      4 213
      4 200
      4 179
      4 173
      4 172
      4 169
      4 157
      4 130
      3 288
      3 249
      3 244
      3 243
      3 235
      3 232
      3 231
      3 225
      3 216
      3 212
      3 204
      3 202
      3 198
      3 196
      3 195
      3 193
      3 177
      3 175
      3 166
      3 162
      3 159
      3 156
      3 126
      2 508
      2 433
      2 368
      2 3672
      2 367
      2 359
      2 350
      2 349
      2 343
      2 330
      2 324
      2 323
      2 318
      2 316
      2 311
      2 310
      2 307
      2 296
      2 284
      2 273
      2 270
      2 268
      2 266
      2 264
      2 263
      2 260
      2 259
      2 258
      2 256
      2 253
      2 251
      2 250
      2 248
      2 247
      2 246
      2 242
      2 229
      2 226
      2 224
      2 223
      2 219
      2 211
      2 208
      2 197
      2 194
      2 192
      2 190
      2 186
      2 184
      2 183
      2 176
      2 174
      2 165
      2 164
      1 835
      1 713
      1 639
      1 600
      1 595
      1 592
      1 582
      1 580
      1 577
      1 571
      1 563
      1 556
      1 550
      1 540
      1 532
      1 515
      1 514
      1 488
      1 479
      1 453
      1 438
      1 432
      1 423
      1 416
      1 414
      1 402
      1 398
      1 397
      1 391
      1 388
      1 381
      1 378
      1 376
      1 372
      1 3665
      1 3658
      1 363
      1 3628
      1 361
      1 358
      1 357
      1 351
      1 348
      1 346
      1 345
      1 338
      1 337
      1 333
      1 332
      1 331
      1 328
      1 321
      1 320
      1 313
      1 309
      1 308
      1 305
      1 304
      1 303
      1 302
      1 301
      1 300
      1 298
      1 297
      1 295
      1 293
      1 289
      1 287
      1 285
      1 283
      1 280
      1 278
      1 276
      1 272
      1 271
      1 262
      1 261
      1 254
      1 245
      1 233
      1 228
      1 221
      1 218
      1 217
      1 205
      1 203
      1 199
      1 189
      1 182
      1 181
      1 180
      1 178
      1 170
      1 160
